3 0.080859 0.493750 0.014844 0.034722
3 0.208203 0.493056 0.019531 0.036111
3 0.377344 0.496528 0.023438 0.037500
3 0.891406 0.497917 0.025000 0.048611
3 0.985938 0.496528 0.018750 0.043056
3 0.946094 0.472222 0.010937 0.025000
3 0.868750 0.472917 0.012500 0.026389
3 0.777734 0.475694 0.014844 0.026389
3 0.754687 0.493750 0.018750 0.037500
3 0.574219 0.497222 0.023438 0.041667
3 0.415625 0.468056 0.017188 0.027778
3 0.193750 0.477778 0.014063 0.025000
3 0.109766 0.484028 0.011719 0.023611
3 0.417578 0.442361 0.021094 0.034722
3 0.592969 0.440278 0.017188 0.036111
3 0.751172 0.440278 0.017969 0.033333
2 0.483594 0.358333 0.017188 0.019444
2 0.574609 0.356250 0.016406 0.020833
2 0.662891 0.355556 0.016406 0.019444
