0 0.843750 0.560417 0.040625 0.029167
0 0.654297 0.554167 0.053906 0.038889
3 0.555469 0.523611 0.031250 0.055556
0 0.440234 0.547917 0.060156 0.043056
0 0.141797 0.694444 0.019531 0.019444
0 0.266406 0.797222 0.009375 0.050000
0 0.215234 0.845139 0.003906 0.015278
0 0.598437 0.877778 0.006250 0.025000
0 0.548438 0.845139 0.012500 0.009722
0 0.498047 0.845833 0.011719 0.008333
0 0.454688 0.843056 0.012500 0.008333
0 0.333203 0.853472 0.007031 0.026389
0 0.304688 0.842361 0.006250 0.012500
