0 0.856250 0.542361 0.040625 0.029167
0 0.661328 0.541667 0.053906 0.038889
3 0.560937 0.511111 0.031250 0.055556
0 0.438672 0.534028 0.060156 0.043056
0 0.139453 0.690278 0.019531 0.019444
0 0.266406 0.797222 0.009375 0.050000
0 0.215234 0.845139 0.003906 0.015278
0 0.602344 0.879167 0.006250 0.025000
0 0.551562 0.845139 0.012500 0.009722
0 0.501953 0.845833 0.011719 0.008333
0 0.457813 0.844444 0.012500 0.008333
0 0.333984 0.853472 0.007031 0.026389
0 0.304688 0.842361 0.006250 0.012500
0 0.080859 0.674306 0.022656 0.018056
0 0.391797 0.877083 0.005469 0.020833
