1 0.403906 0.380556 0.009375 0.016667
3 0.602734 0.425000 0.016406 0.033333
3 0.755859 0.419444 0.016406 0.033333
3 0.849609 0.425694 0.013281 0.031944
3 0.919922 0.430556 0.011719 0.027778
5 0.603125 0.461111 0.018750 0.036111
5 0.757031 0.459028 0.015625 0.034722
5 0.853516 0.460417 0.014844 0.031944
5 0.920703 0.464583 0.013281 0.029167
3 0.565625 0.526389 0.015625 0.030556
3 0.356641 0.522917 0.016406 0.029167
3 0.271094 0.515972 0.015625 0.026389
3 0.222266 0.519444 0.013281 0.022222
3 0.159766 0.515278 0.010156 0.022222
3 0.056641 0.501389 0.011719 0.022222
3 0.005859 0.495833 0.011719 0.022222
3 0.012500 0.475000 0.009375 0.016667
3 0.064844 0.477778 0.009375 0.016667
3 0.273828 0.488889 0.013281 0.022222
3 0.357422 0.490278 0.013281 0.027778
