3 0.749219 0.354167 0.010937 0.022222
3 0.644531 0.263194 0.026562 0.048611
2 0.599609 0.274306 0.035156 0.020833
4 0.560156 0.256944 0.035937 0.055556
2 0.504297 0.269444 0.035156 0.022222
5 0.438281 0.248611 0.018750 0.052778
5 0.457031 0.249306 0.018750 0.051389
5 0.475000 0.250000 0.017188 0.052778
2 0.410156 0.265972 0.034375 0.023611
3 0.337891 0.302778 0.025781 0.044444
2 0.250781 0.345833 0.035937 0.025000
2 0.888281 0.295833 0.021875 0.022222
0 0.592187 0.500694 0.004687 0.020833
