3 0.030469 0.384722 0.009375 0.025000
3 0.091797 0.377778 0.011719 0.027778
3 0.169922 0.374306 0.011719 0.026389
3 0.262109 0.368750 0.013281 0.026389
3 0.279297 0.118056 0.060156 0.097222
3 0.648828 0.170139 0.058594 0.101389
5 0.273047 0.228472 0.060156 0.104167
5 0.652734 0.279861 0.052344 0.106944
3 0.942969 0.261806 0.029687 0.087500
5 0.945703 0.362500 0.030469 0.088889
3 0.736328 0.353472 0.013281 0.023611
5 0.737109 0.378472 0.013281 0.023611
3 0.023047 0.413889 0.011719 0.025000
3 0.162500 0.406250 0.015625 0.031944
3 0.258984 0.404861 0.014844 0.029167
