2 0.664062 0.113194 0.062500 0.043056
2 0.773828 0.138889 0.053906 0.044444
2 0.867188 0.168750 0.043750 0.040278
0 0.943750 0.354861 0.014063 0.070833
5 0.886719 0.205556 0.012500 0.036111
3 0.862891 0.210417 0.011719 0.048611
5 0.558984 0.350000 0.014844 0.033333
3 0.599219 0.355556 0.010937 0.022222
2 0.578906 0.362500 0.020313 0.011111
2 0.617188 0.363194 0.020313 0.012500
2 0.539453 0.359028 0.021094 0.012500
0 0.207813 0.407639 0.007812 0.031944
0 0.654297 0.429167 0.005469 0.022222
0 0.659375 0.431944 0.004687 0.016667
