3 0.696484 0.238889 0.014844 0.022222
5 0.695703 0.211806 0.013281 0.029167
3 0.612500 0.227083 0.009375 0.018056
5 0.579688 0.206944 0.007812 0.013889
5 0.619531 0.297222 0.009375 0.016667
5 0.118750 0.297222 0.010937 0.019444
3 0.568750 0.340972 0.006250 0.012500
5 0.568359 0.327083 0.005469 0.012500
3 0.542969 0.319444 0.004687 0.011111
5 0.542969 0.309722 0.006250 0.008333
2 0.487500 0.295833 0.010937 0.008333
5 0.469141 0.281250 0.007031 0.012500
2 0.453125 0.295139 0.009375 0.006944
