3 0.368359 0.325000 0.014844 0.025000
3 0.389844 0.343056 0.009375 0.016667
3 0.400391 0.346528 0.005469 0.009722
4 0.400391 0.335417 0.007031 0.009722
4 0.475000 0.337500 0.007812 0.013889
3 0.475391 0.349306 0.007031 0.012500
3 0.496875 0.347222 0.010937 0.016667
3 0.537891 0.332639 0.014844 0.026389
0 0.532031 0.266667 0.006250 0.011111
0 0.589063 0.268056 0.006250 0.011111
0 0.642188 0.271528 0.006250 0.012500
3 0.760547 0.365972 0.007031 0.015278
3 0.978906 0.386806 0.006250 0.015278
3 0.951953 0.384722 0.007031 0.016667
3 0.917969 0.381944 0.007812 0.013889
3 0.871094 0.377083 0.007812 0.018056
