2 0.450781 0.102083 0.014063 0.009722
2 0.489063 0.103472 0.014063 0.009722
3 0.501563 0.099306 0.010937 0.020833
2 0.532422 0.105556 0.013281 0.011111
0 0.803125 0.055556 0.023438 0.019444
0 0.864062 0.065278 0.021875 0.019444
5 0.695703 0.162500 0.010156 0.025000
0 0.885547 0.155556 0.013281 0.011111
2 0.796094 0.187500 0.006250 0.030556
0 0.798438 0.136806 0.006250 0.034722
0 0.917188 0.161111 0.010937 0.011111
3 0.966016 0.218750 0.008594 0.020833
4 0.804297 0.172917 0.008594 0.026389
4 0.558203 0.178472 0.007031 0.012500
