2 0.800391 0.411806 0.010156 0.020833
2 0.705859 0.372917 0.005469 0.018056
2 0.612500 0.363194 0.010937 0.018056
2 0.524609 0.315972 0.011719 0.020833
2 0.408984 0.318750 0.010156 0.018056
2 0.255859 0.382639 0.007031 0.018056
2 0.189453 0.381944 0.007031 0.016667
3 0.949609 0.352083 0.019531 0.045833
5 0.954297 0.411806 0.014844 0.048611
3 0.739844 0.347222 0.023438 0.052778
5 0.741016 0.407639 0.030469 0.062500
3 0.651953 0.518750 0.021094 0.045833
3 0.485938 0.515278 0.023438 0.050000
3 0.339453 0.464583 0.019531 0.034722
3 0.338672 0.511806 0.024219 0.045833
3 0.217969 0.461111 0.018750 0.033333
3 0.212500 0.502778 0.020313 0.041667
3 0.192969 0.450000 0.009375 0.019444
3 0.162109 0.507639 0.013281 0.031944
3 0.087891 0.502778 0.011719 0.030556
