3 0.977344 0.082639 0.020313 0.051389
3 0.589063 0.115972 0.025000 0.043056
0 0.533594 0.115972 0.043750 0.020833
3 0.429688 0.113889 0.028125 0.047222
0 0.369141 0.122222 0.046094 0.022222
3 0.535156 0.254167 0.007812 0.016667
0 0.591797 0.354861 0.003906 0.020833
3 0.526953 0.297917 0.010156 0.015278
5 0.516016 0.290972 0.010156 0.015278
0 0.498828 0.306250 0.017969 0.006944
5 0.478125 0.295833 0.009375 0.019444
5 0.466797 0.296528 0.010156 0.018056
0 0.452344 0.309722 0.017188 0.008333
