3 0.976562 0.375694 0.017188 0.034722
4 0.915625 0.356250 0.015625 0.040278
0 0.804297 0.486111 0.008594 0.050000
4 0.752734 0.470139 0.010156 0.018056
2 0.677344 0.386111 0.020313 0.013889
5 0.667188 0.403472 0.012500 0.023611
0 0.652734 0.427083 0.021094 0.015278
2 0.621484 0.381944 0.022656 0.013889
2 0.535937 0.378472 0.026562 0.018056
2 0.490234 0.479861 0.013281 0.009722
3 0.475781 0.472917 0.007812 0.015278
2 0.457813 0.479861 0.012500 0.009722
3 0.441406 0.471528 0.009375 0.018056
2 0.425391 0.480556 0.014844 0.011111
5 0.355078 0.549306 0.008594 0.015278
