0 0.664453 0.113194 0.063281 0.040278
0 0.773828 0.138889 0.057031 0.044444
0 0.869141 0.168056 0.046094 0.044444
3 0.862891 0.209722 0.013281 0.044444
5 0.887109 0.206250 0.013281 0.034722
0 0.616016 0.363194 0.019531 0.012500
3 0.599219 0.355556 0.010937 0.022222
0 0.578516 0.362500 0.019531 0.011111
5 0.558984 0.348611 0.014844 0.030556
0 0.537891 0.358333 0.021094 0.011111
0 0.207031 0.406250 0.009375 0.031944
0 0.653906 0.429861 0.006250 0.023611
0 0.659766 0.432639 0.003906 0.020833
0 0.942578 0.360417 0.017969 0.076389
