3 0.599219 0.355556 0.010937 0.022222
0 0.664453 0.111111 0.063281 0.041667
0 0.773828 0.140278 0.055469 0.044444
0 0.867969 0.170139 0.043750 0.040278
0 0.943359 0.357639 0.016406 0.070833
5 0.887500 0.204861 0.012500 0.034722
0 0.659375 0.432639 0.004687 0.018056
0 0.653906 0.429861 0.006250 0.023611
0 0.616016 0.363194 0.019531 0.012500
0 0.578906 0.362500 0.020313 0.011111
5 0.559766 0.350000 0.013281 0.030556
0 0.539062 0.359028 0.023438 0.012500
0 0.207422 0.403472 0.008594 0.026389
