0 0.664453 0.113889 0.063281 0.038889
0 0.773047 0.141667 0.057031 0.044444
0 0.868359 0.169444 0.046094 0.044444
3 0.863281 0.211111 0.012500 0.044444
5 0.886328 0.204861 0.013281 0.034722
0 0.616016 0.363194 0.019531 0.012500
3 0.599609 0.354167 0.011719 0.022222
0 0.579297 0.361806 0.021094 0.012500
0 0.538672 0.359722 0.021094 0.013889
5 0.559375 0.345139 0.014063 0.020833
0 0.207422 0.405556 0.008594 0.030556
0 0.653906 0.429167 0.006250 0.022222
0 0.943359 0.356944 0.014844 0.069444
