0 0.092188 0.411111 0.010937 0.038889
3 0.375391 0.350694 0.019531 0.043056
2 0.307812 0.386806 0.028125 0.020833
2 0.431250 0.323611 0.026562 0.016667
5 0.453516 0.308333 0.013281 0.041667
5 0.467969 0.309722 0.014063 0.041667
5 0.481641 0.310417 0.013281 0.040278
2 0.505078 0.325694 0.027344 0.018056
4 0.548047 0.315278 0.027344 0.041667
3 0.614844 0.318750 0.021875 0.040278
2 0.579688 0.327083 0.026562 0.018056
2 0.826172 0.332639 0.021094 0.015278
0 0.590625 0.500000 0.004687 0.019444
0 0.641797 0.468750 0.010156 0.006944
0 0.673047 0.466667 0.010156 0.005556
