0 0.767578 0.258333 0.044531 0.194444
5 0.819141 0.393056 0.010156 0.038889
5 0.831641 0.383333 0.011719 0.041667
3 0.868750 0.368056 0.007812 0.027778
2 0.686719 0.581944 0.006250 0.033333
2 0.522656 0.597917 0.007812 0.034722
2 0.157812 0.577083 0.006250 0.023611
2 0.146094 0.575694 0.006250 0.029167
0 0.370312 0.533333 0.020313 0.008333
0 0.415625 0.533333 0.020313 0.011111
5 0.393359 0.518056 0.011719 0.022222
3 0.435937 0.527778 0.012500 0.022222
5 0.014844 0.436806 0.009375 0.029167
5 0.022656 0.441667 0.007812 0.025000
