0 0.942969 0.352778 0.014063 0.063889
2 0.868359 0.168750 0.041406 0.043056
2 0.773828 0.138889 0.055469 0.041667
2 0.664062 0.112500 0.062500 0.038889
5 0.887109 0.206250 0.013281 0.031944
3 0.862891 0.209722 0.013281 0.047222
0 0.653906 0.429167 0.006250 0.022222
0 0.659375 0.432639 0.004687 0.018056
2 0.617578 0.363194 0.019531 0.012500
3 0.599219 0.355556 0.010937 0.022222
2 0.579297 0.363194 0.021094 0.012500
5 0.559375 0.350694 0.012500 0.031944
2 0.539453 0.359722 0.021094 0.013889
0 0.207422 0.407639 0.008594 0.037500
