5 0.769922 0.278472 0.025781 0.054167
3 0.766016 0.215278 0.014844 0.025000
3 0.623437 0.138194 0.012500 0.020833
0 0.678906 0.314583 0.006250 0.031944
2 0.589063 0.152083 0.034375 0.018056
2 0.508984 0.149306 0.033594 0.018056
3 0.492578 0.191667 0.010156 0.019444
2 0.460938 0.249306 0.018750 0.009722
2 0.411719 0.249306 0.018750 0.009722
3 0.396484 0.243056 0.010156 0.019444
3 0.375391 0.243750 0.010156 0.018056
2 0.359375 0.247917 0.018750 0.009722
3 0.177344 0.165972 0.015625 0.034722
2 0.153125 0.179167 0.023438 0.019444
