0 0.663672 0.112500 0.063281 0.038889
0 0.773438 0.140972 0.054688 0.045833
0 0.869141 0.171528 0.044531 0.043056
3 0.862500 0.210417 0.012500 0.043056
5 0.887109 0.206944 0.013281 0.036111
0 0.654297 0.429167 0.005469 0.019444
0 0.659375 0.431250 0.003125 0.015278
0 0.616406 0.363889 0.018750 0.013889
3 0.599609 0.356250 0.011719 0.023611
0 0.579297 0.362500 0.021094 0.011111
5 0.558984 0.345139 0.014844 0.018056
0 0.537891 0.358333 0.022656 0.011111
0 0.205859 0.405556 0.008594 0.030556
0 0.941406 0.359722 0.017188 0.077778
