0 0.736328 0.358333 0.007031 0.019444
3 0.707812 0.372222 0.009375 0.016667
4 0.693359 0.349306 0.008594 0.015278
5 0.743750 0.354167 0.007812 0.025000
5 0.609375 0.281250 0.010937 0.018056
3 0.667188 0.349306 0.007812 0.012500
2 0.605469 0.265278 0.018750 0.011111
2 0.550000 0.260417 0.018750 0.012500
2 0.467578 0.254167 0.021094 0.013889
3 0.528906 0.334028 0.009375 0.009722
2 0.458203 0.344444 0.010156 0.005556
3 0.444922 0.336111 0.008594 0.013889
2 0.426563 0.343750 0.010937 0.006944
2 0.396875 0.343056 0.010937 0.005556
3 0.411328 0.336806 0.008594 0.015278
