5 0.976562 0.227083 0.021875 0.059722
0 0.950000 0.307639 0.021875 0.070833
5 0.922266 0.239583 0.013281 0.059722
5 0.878516 0.281250 0.011719 0.031944
3 0.845313 0.317361 0.009375 0.026389
0 0.794922 0.412500 0.008594 0.025000
0 0.678516 0.444444 0.005469 0.008333
5 0.707422 0.418056 0.005469 0.022222
4 0.552734 0.449306 0.007031 0.012500
4 0.480859 0.394444 0.010156 0.011111
0 0.466016 0.400694 0.014844 0.006944
0 0.430469 0.402778 0.015625 0.008333
5 0.448437 0.397222 0.012500 0.016667
0 0.200391 0.464583 0.005469 0.020833
