0 0.450781 0.382639 0.025000 0.012500
0 0.511719 0.387500 0.023438 0.011111
5 0.476953 0.374306 0.014844 0.029167
3 0.791406 0.352778 0.029687 0.055556
3 0.535937 0.378472 0.014063 0.026389
2 0.789062 0.425694 0.014063 0.073611
3 0.639062 0.420139 0.010937 0.020833
0 0.725000 0.297917 0.020313 0.023611
0 0.761328 0.270139 0.024219 0.029167
5 0.077734 0.267361 0.010156 0.037500
2 0.004297 0.395833 0.007031 0.061111
3 0.619922 0.430556 0.013281 0.022222
3 0.776953 0.406944 0.010156 0.033333
0 0.057422 0.277083 0.017969 0.020833
5 0.739844 0.257639 0.010937 0.048611
