2 0.119922 0.265972 0.028906 0.020833
2 0.202344 0.254167 0.031250 0.016667
2 0.381250 0.020139 0.062500 0.034722
2 0.593359 0.045139 0.066406 0.051389
2 0.797266 0.110417 0.044531 0.037500
2 0.932422 0.375000 0.013281 0.083333
3 0.727734 0.437500 0.017969 0.033333
5 0.539062 0.486806 0.006250 0.012500
2 0.528906 0.497222 0.010937 0.005556
2 0.556250 0.494444 0.012500 0.008333
3 0.727344 0.473611 0.012500 0.019444
3 0.832812 0.507639 0.015625 0.026389
5 0.566016 0.481250 0.007031 0.012500
