5 0.451562 0.650000 0.029687 0.047222
2 0.403906 0.688194 0.048438 0.026389
2 0.506250 0.690278 0.046875 0.019444
3 0.546875 0.669444 0.026562 0.047222
2 0.634766 0.683333 0.044531 0.027778
5 0.583203 0.668750 0.038281 0.045833
2 0.382422 0.822222 0.019531 0.011111
5 0.417578 0.800694 0.022656 0.031944
3 0.437109 0.793056 0.013281 0.022222
5 0.489063 0.793056 0.014063 0.025000
2 0.524609 0.829167 0.022656 0.008333
2 0.566406 0.825694 0.020313 0.009722
5 0.444922 0.869444 0.014844 0.025000
