3 0.541406 0.259722 0.021875 0.036111
2 0.420703 0.327083 0.013281 0.006944
2 0.385156 0.327778 0.012500 0.008333
2 0.337891 0.331250 0.011719 0.006944
2 0.422656 0.356250 0.012500 0.006944
2 0.395703 0.357639 0.011719 0.006944
2 0.360156 0.360417 0.010937 0.006944
0 0.253906 0.387500 0.004687 0.025000
2 0.230469 0.397917 0.004687 0.020833
2 0.210547 0.340278 0.007031 0.013889
0 0.166797 0.339583 0.010156 0.006944
2 0.201172 0.351389 0.008594 0.005556
5 0.195703 0.322222 0.008594 0.016667
