5 0.329297 0.427083 0.010156 0.015278
5 0.366016 0.425000 0.010156 0.016667
5 0.401172 0.425000 0.010156 0.019444
5 0.444922 0.424306 0.010156 0.018056
5 0.483984 0.422222 0.010156 0.019444
1 0.333203 0.452083 0.013281 0.009722
1 0.369531 0.452083 0.014063 0.009722
1 0.403516 0.451389 0.013281 0.008333
0 0.442969 0.450694 0.014063 0.009722
2 0.483594 0.449306 0.012500 0.009722
2 0.522266 0.448611 0.013281 0.011111
5 0.523828 0.421528 0.011719 0.020833
5 0.318750 0.423611 0.009375 0.013889
