5 0.480469 0.802083 0.014063 0.023611
2 0.457031 0.820833 0.023438 0.008333
2 0.506641 0.819444 0.024219 0.011111
3 0.526563 0.809028 0.012500 0.020833
2 0.570703 0.814583 0.024219 0.012500
5 0.544141 0.808333 0.017969 0.019444
2 0.421094 0.861806 0.015625 0.009722
5 0.448437 0.852083 0.015625 0.020833
3 0.462109 0.845139 0.008594 0.015278
5 0.496484 0.845833 0.010156 0.016667
2 0.521484 0.863889 0.014844 0.008333
2 0.550391 0.862500 0.016406 0.008333
5 0.467969 0.897222 0.009375 0.016667
