5 0.480078 0.804861 0.013281 0.023611
2 0.457813 0.822222 0.021875 0.011111
2 0.505469 0.820833 0.025000 0.011111
3 0.525781 0.809028 0.012500 0.023611
2 0.569922 0.818056 0.022656 0.011111
5 0.544141 0.811806 0.017969 0.020833
2 0.423047 0.861806 0.017969 0.006944
5 0.449219 0.852778 0.015625 0.019444
3 0.462891 0.845833 0.008594 0.016667
4 0.496875 0.846528 0.010937 0.018056
2 0.521094 0.864583 0.014063 0.006944
2 0.550781 0.861806 0.017188 0.009722
5 0.467969 0.896528 0.009375 0.015278
